2025-04-07 21:32:47.185258
HR: 72
O2: 99
BP: (79, 90)

2025-04-07 21:32:58.790551
HR: 74
O2: 99
BP: (77, 93)

